1 PI 190 343 ;
4 PI 194 346 ;
7 PI 197 349 ;
10 PI 201 352 ;
13 PI 206 355 ;
16 PI 209 358 ;
19 PI 212 361 ;
22 PI 216 364 ;
25 PI 220 367 ;
28 PI 225 370 ;
31 PI 229 373 ;
34 PI 232 376 ;
37 PI 235 379 ;
40 PI 239 382 ;
43 PI 243 385 ;
46 PI 247 388 ;
49 PI 907 897 592 ;
53 PI 899 724 ;
56 PI 910 898 643 ;
60 PI 903 655 ;
63 PI 251 574 ;
66 PI 252 586 ;
69 PI 260 257 ;
72 PI 256 603 253 ;
76 PI 263 2815 ;
79 PI 266 2829 ;
82 PI 269 2818 ;
85 PI 272 2821 ;
88 PI 277 251 ;
91 PI 280 252 ;
94 PI 300 297 290 283 ;
99 PI 313 306 303 2800 ;
104 PI 338 331 326 319 316 276 275 ;
190 631 628 556 ;
194 634 559 ;
197 640 691 688 ;
201 649 715 712 616 ;
206 718 562 ;
209 736 565 ;
212 748 697 694 ;
216 739 721 619 ;
220 733 730 622 577 ;
225 751 742 568 ;
229 637 580 ;
232 646 583 ;
235 652 709 706 ;
239 598 625 589 ;
243 745 727 571 ;
247 595 703 700 ;
251 NAND 682 ;
252 NAND 685 ;
253 724 592 ;
256 612 ;
257 BUFF 655 643 ;
260 BUFF 608 603 ;
263 661 658 ;
266 667 664 ;
269 673 670 ;
272 679 676 ;
275 2773 ;
276 2776 ;
277 921 601 ;
280 922 602 ;
283 BUFF 2824 2821 2818 2829 2815 2812 ;
290 1889 1802 1858 2062 2081 2078 ;
297 BUFF 922 921 ;
300 612 608 ;
303 BUFF 923 926 ;
306 555 554 553 552 551 550 ;
313 2384 2384 ;
316 BUFF 685 682 ;
319 655 643 724 592 586 574 ;
326 BUFF 922 921 602 601 ;
331 BUFF 555 554 553 552 551 550 ;
338 923 926 2800 2384 ;
343 BUFF 534 2720 ;
346 BUFF 535 2721 ;
349 BUFF 536 2722 ;
352 BUFF 537 2723 ;
355 BUFF 538 2757 ;
358 BUFF 539 2758 ;
361 BUFF 540 2759 ;
364 BUFF 541 2760 ;
367 BUFF 542 2761 ;
370 BUFF 543 2734 ;
373 BUFF 544 2763 ;
376 BUFF 545 2764 ;
379 BUFF 546 2765 ;
382 BUFF 547 2766 ;
385 BUFF 548 2743 ;
388 BUFF 549 2744 ;
534 2669 ;
535 2671 ;
536 2673 ;
537 2675 ;
538 2724 ;
539 2726 ;
540 2728 ;
541 2730 ;
542 2732 ;
543 2682 ;
544 2735 ;
545 2737 ;
546 2739 ;
547 2741 ;
548 2688 ;
549 2690 ;
550 NAND 2886 ;
551 NAND 2887 ;
552 NAND 20001;
553 NAND 2888 ;
554 NAND 2889 ;
555 NAND 2890 ;
556 BUFF 939 935 ;
559 BUFF 1013 1010 ;
562 BUFF 947 943 ;
565 BUFF 1019 1016 ;
568 BUFF 955 951 ;
571 BUFF 1025 1022 ;
574 AND 962 959 ;
577 BUFF 1031 1028 ;
580 BUFF 969 965 ;
583 BUFF 1037 1034 ;
586 AND 977 973 ;
589 BUFF 1043 1040 ;
592 AND 985 981 ;
595 BUFF 998 994 ;
598 BUFF 1049 1046 ;
601 NAND 1965 ;
602 NAND 1968 ;
603 NAND 922 923 926 921 ;
608 NAND 910 903 898 ;
612 NAND 907 899 897 ;
616 BUFF 888 1055 ;
619 BUFF 889 1054 ;
622 BUFF 890 1064 ;
625 BUFF 891 1063 ;
628 BUFF 984 1322 ;
631 BUFF 892 1267 ;
634 BUFF 1433 990 ;
637 BUFF 1434 993 ;
640 BUFF 1438 1004 ;
643 AND 893 1706 ;
646 BUFF 1439 1007 ;
649 BUFF 894 1412 ;
652 BUFF 895 1068 ;
655 AND 896 1067 ;
658 BUFF 914 2235 ;
661 BUFF 913 2234 ;
664 BUFF 916 2231 ;
667 BUFF 915 2230 ;
670 BUFF 918 2009 ;
673 BUFF 917 2008 ;
676 BUFF 920 1942 ;
679 BUFF 919 1941 ;
682 AND 886 2881 ;
685 AND 887 2882 ;
688 BUFF 938 1309 ;
691 BUFF 942 1310 ;
694 BUFF 946 1311 ;
697 BUFF 950 1312 ;
700 BUFF 954 1313 ;
703 BUFF 958 1314 ;
706 BUFF 968 1315 ;
709 BUFF 972 1316 ;
712 BUFF 976 1317 ;
715 BUFF 980 1318 ;
718 BUFF 988 1120 ;
721 BUFF 989 1119 ;
724 AND 991 1122 ;
727 BUFF 992 1121 ;
730 BUFF 997 1327 ;
733 BUFF 1001 1328 ;
736 BUFF 1002 1129 ;
739 BUFF 1003 1128 ;
742 BUFF 1005 1131 ;
745 BUFF 1006 1130 ;
748 BUFF 1008 1133 ;
751 BUFF 1009 1132 ;
886 2871 ;
887 2873 ;
888 1054 ;
889 1055 ;
890 1063 ;
891 1064 ;
892 1160 ;
893 1671 ;
894 1345 ;
895 1067 ;
896 1068 ;
897 AND 2812 ;
898 AND 2824 ;
899 NAND 2279 1164 1163 ;
903 NAND 2279 1168 1167 ;
907 NAND 1255 1252 ;
910 NAND 1261 1258 ;
913 2226 ;
914 2228 ;
915 2214 ;
916 2216 ;
917 1975 ;
918 1977 ;
919 1919 ;
920 1921 ;
921 NAND 1171 ;
922 NAND 1188 ;
923 NAND 1188 1171 ;
926 AND 2634 2633 2632 2631 2630 2629 2628 2627 ;
935 BUFF 1149 1488 ;
938 1206 ;
939 BUFF 1148 1487 ;
942 1208 ;
943 BUFF 1151 1489 ;
946 1210 ;
947 BUFF 1152 1492 ;
950 1212 ;
951 BUFF 1154 1494 ;
954 1214 ;
955 BUFF 1153 1493 ;
958 1216 ;
959 BUFF 1837 1218 ;
962 BUFF 1155 1825 ;
965 BUFF 1500 1222 ;
968 1221 ;
969 BUFF 1156 1495 ;
972 1224 ;
973 BUFF 1501 1227 ;
976 1226 ;
977 BUFF 1157 1496 ;
980 1229 ;
981 BUFF 1231 1230 ;
984 1231 ;
985 BUFF 1159 1160 ;
988 1119 ;
989 1120 ;
990 1387 ;
991 1121 ;
992 1122 ;
993 1389 ;
994 BUFF 1504 1240 ;
997 1239 ;
998 BUFF 1161 1498 ;
1001 1242 ;
1002 1128 ;
1003 1129 ;
1004 1397 ;
1005 1130 ;
1006 1131 ;
1007 1399 ;
1008 1132 ;
1009 1133 ;
1010 BUFF 1205 1206 ;
1013 BUFF 1207 1208 ;
1016 BUFF 1209 1210 ;
1019 BUFF 1211 1212 ;
1022 BUFF 1213 1214 ;
1025 BUFF 1215 1216 ;
1028 BUFF 1217 1712 ;
1031 BUFF 1219 1713 ;
1034 BUFF 1220 1221 ;
1037 BUFF 1223 1224 ;
1040 BUFF 1225 1226 ;
1043 BUFF 1228 1229 ;
1046 BUFF 1238 1239 ;
1049 BUFF 1241 1242 ;
1054 NAND 1150 ;
1055 NAND 1150 ;
1063 NAND 1158 ;
1064 NAND 1158 ;
1067 NAND 1162 ;
1068 NAND 1162 ;
1119 NAND 1232 ;
1120 NAND 1232 ;
1121 NAND 1235 ;
1122 NAND 1235 ;
1128 NAND 1243 ;
1129 NAND 1243 ;
1130 NAND 1246 ;
1131 NAND 1246 ;
1132 NAND 1249 ;
1133 NAND 1249 ;
1148 1443 ;
1149 1445 ;
1150 NAND 1264 ;
1151 1447 ;
1152 1451 ;
1153 1453 ;
1154 1455 ;
1155 1795 ;
1156 1457 ;
1157 1459 ;
1158 NAND 1319 ;
1159 1267 ;
1160 NAND 1344 ;
1161 1462 ;
1162 NAND 1334 ;
1163 2385 ;
1164 BUFF 2266 2386 ;
1167 2426 ;
1168 BUFF 2272 2427 ;
1171 NAND 2648 2645 2642 2639 2567 2564 2561 2558 2603 2600 2597 2594 2546 2543 2540 2537 ;
1188 NAND 2576 2573 2664 2661 2658 2655 2570 2651 2555 2552 2620 2617 2614 2611 2549 2606 ;
1205 1309 ;
1206 NAND 1352 ;
1207 1310 ;
1208 NAND 1355 ;
1209 1311 ;
1210 NAND 1358 ;
1211 1312 ;
1212 NAND 1361 ;
1213 1313 ;
1214 NAND 1364 ;
1215 1314 ;
1216 NAND 1367 ;
1217 1678 ;
1218 1808 ;
1219 1680 ;
1220 1315 ;
1221 NAND 1370 ;
1222 1469 ;
1223 1316 ;
1224 NAND 1373 ;
1225 1317 ;
1226 NAND 1376 ;
1227 1471 ;
1228 1318 ;
1229 NAND 1379 ;
1230 1322 ;
1231 NAND 1383 ;
1232 NAND 1386 1387 ;
1235 NAND 1388 1389 ;
1238 1327 ;
1239 NAND 1390 ;
1240 1476 ;
1241 1328 ;
1242 NAND 1393 ;
1243 NAND 1396 1397 ;
1246 NAND 1398 1399 ;
1249 NAND 1346 1345 ;
1252 BUFF 1349 2233 ;
1255 BUFF 1348 2232 ;
1258 BUFF 1351 2025 ;
1261 BUFF 1350 2024 ;
1264 1419 1416 ;
1267 NAND 1344 ;
1309 NAND 1352 ;
1310 NAND 1355 ;
1311 NAND 1358 ;
1312 NAND 1361 ;
1313 NAND 1364 ;
1314 NAND 1367 ;
1315 NAND 1370 ;
1316 NAND 1373 ;
1317 NAND 1376 ;
1318 NAND 1379 ;
1319 1409 1852 ;
1322 NAND 1383 ;
1327 NAND 1390 ;
1328 NAND 1393 ;
1334 1413 1801 ;
1344 NAND 1440 ;
1345 NAND 1464 ;
1346 1412 ;
1348 2222 ;
1349 2224 ;
1350 2004 ;
1351 2006 ;
1352 NAND 1446 1445 ;
1355 NAND 1444 1443 ;
1358 NAND 1448 1447 ;
1361 NAND 1452 1451 ;
1364 NAND 1456 1455 ;
1367 NAND 1454 1453 ;
1370 NAND 1468 1469 ;
1373 NAND 1458 1457 ;
1376 NAND 1470 1471 ;
1379 NAND 1460 1459 ;
1383 NAND 1461 2897 ;
1386 1433 ;
1387 NAND 1472 ;
1388 1434 ;
1389 NAND 1478 ;
1390 NAND 1475 1476 ;
1393 NAND 1463 1462 ;
1396 1438 ;
1397 NAND 1484 ;
1398 1439 ;
1399 NAND 1481 ;
1409 1826 ;
1412 NAND 1464 ;
1413 1772 ;
1416 BUFF 1491 1849 ;
1419 BUFF 1490 1848 ;
1433 NAND 1472 ;
1434 NAND 1478 ;
1438 NAND 1484 ;
1439 NAND 1481 ;
1440 1499 2023 ;
1443 NAND 1513 ;
1444 1487 ;
1445 NAND 1514 ;
1446 1488 ;
1447 NAND 1517 ;
1448 1489 ;
1451 NAND 1520 ;
1452 1492 ;
1453 NAND 1521 ;
1454 1493 ;
1455 NAND 1522 ;
1456 1494 ;
1457 NAND 1526 ;
1458 1495 ;
1459 NAND 1527 ;
1460 1496 ;
1461 2895 ;
1462 NAND 1529 ;
1463 1498 ;
1464 NAND 1510 ;
1468 1500 ;
1469 NAND 1537 ;
1470 1501 ;
1471 NAND 1534 ;
1472 NAND 1528 1769 ;
1475 1504 ;
1476 NAND 1540 ;
1478 NAND 1530 1636 ;
1481 NAND 1531 1568 ;
1484 NAND 1532 1567 ;
1487 NAND 1513 ;
1488 NAND 1514 ;
1489 NAND 1517 ;
1490 1821 ;
1491 1823 ;
1492 NAND 1520 ;
1493 NAND 1521 ;
1494 NAND 1522 ;
1495 NAND 1526 ;
1496 NAND 1527 ;
1498 NAND 1529 ;
1499 2003 ;
1500 NAND 1537 ;
1501 NAND 1534 ;
1504 NAND 1540 ;
1510 1569 1688 ;
1513 NAND 1546 ;
1514 NAND 1615 1612 ;
1517 NAND 1603 1600 ;
1520 NAND 1561 ;
1521 NAND 1554 ;
1522 NAND 1588 1609 1606 ;
1526 NAND 1557 ;
1527 NAND 1571 ;
1528 1740 ;
1529 NAND 1576 ;
1530 1594 ;
1531 1567 ;
1532 1568 ;
1534 NAND 1591 2039 ;
1537 NAND 1593 1759 ;
1540 NAND 1595 1594 ;
1546 1651 1647 ;
1554 1658 1623 ;
1557 1664 1661 1620 ;
1561 1643 1640 ;
1567 NAND 1596 ;
1568 NAND 1596 ;
1569 1638 ;
1571 1635 2037 ;
1576 1639 1638 ;
1588 BUFF 1701 1697 ;
1591 2022 ;
1593 1720 ;
1594 NAND 1685 ;
1595 1636 ;
1596 NAND 1672 1671 ;
1600 BUFF 1675 1746 ;
1603 BUFF 1677 1747 ;
1606 BUFF 1679 1678 ;
1609 BUFF 1681 1680 ;
1612 BUFF 1682 1809 ;
1615 BUFF 1683 1810 ;
1620 BUFF 1717 1714 ;
1623 BUFF 1734 1731 ;
1635 2016 ;
1636 NAND 1685 ;
1638 NAND 1723 ;
1639 1688 ;
1640 BUFF 1897 1728 ;
1643 BUFF 1707 1885 ;
1647 BUFF 1709 1708 ;
1651 BUFF 1711 1710 ;
1658 BUFF 1721 1720 ;
1661 BUFF 1727 1791 ;
1664 BUFF 1730 1792 ;
1671 NAND 1742 ;
1672 1706 ;
1675 1708 ;
1677 1710 ;
1678 NAND 1748 ;
1679 1712 ;
1680 NAND 1751 ;
1681 1713 ;
1682 1784 ;
1683 1787 ;
1685 NAND 1741 1740 ;
1688 NAND 1723 ;
1697 BUFF 1761 1762 ;
1701 BUFF 1763 1764 ;
1706 NAND 1742 ;
1707 1855 ;
1708 NAND 1774 ;
1709 1746 ;
1710 NAND 1777 ;
1711 1747 ;
1712 NAND 1748 ;
1713 NAND 1751 ;
1714 BUFF 1924 1785 ;
1717 BUFF 1768 1911 ;
1720 NAND 1788 ;
1721 1759 ;
1723 NAND 1773 1772 ;
1727 1762 ;
1728 1865 ;
1730 1764 ;
1731 BUFF 1783 1784 ;
1734 BUFF 1786 1787 ;
1740 NAND 1798 ;
1741 1769 ;
1742 NAND 1802 1818 ;
1746 NAND 1774 ;
1747 NAND 1777 ;
1748 NAND 1807 1808 ;
1751 NAND 1796 1795 ;
1759 NAND 1788 ;
1761 1791 ;
1762 NAND 1812 ;
1763 1792 ;
1764 NAND 1815 ;
1768 1882 ;
1769 NAND 1798 ;
1772 NAND 1830 ;
1773 1801 ;
1774 NAND 1824 1823 ;
1777 NAND 1822 1821 ;
1783 1809 ;
1784 NAND 1838 ;
1785 1896 ;
1786 1810 ;
1787 NAND 1841 ;
1788 NAND 1827 1826 ;
1791 NAND 1812 ;
1792 NAND 1815 ;
1795 NAND 1850 ;
1796 1825 ;
1798 NAND 1858 1866 ;
1801 NAND 1830 ;
1802 NAND 1872 1869 ;
1807 1837 ;
1808 NAND 1875 ;
1809 NAND 1838 ;
1810 NAND 1841 ;
1812 NAND 1864 1865 ;
1815 NAND 1856 1855 ;
1818 BUFF 1857 2869 ;
1821 NAND 1878 ;
1822 1848 ;
1823 NAND 1879 ;
1824 1849 ;
1825 NAND 1850 ;
1826 NAND 1884 ;
1827 1852 ;
1830 NAND 1889 1902 ;
1837 NAND 1875 ;
1838 NAND 1895 1896 ;
1841 NAND 1883 1882 ;
1848 NAND 1878 ;
1849 NAND 1879 ;
1850 NAND 1898 ;
1852 NAND 1884 ;
1855 NAND 1913 ;
1856 1885 ;
1857 2853 ;
1858 NAND 1930 1927 ;
1864 1897 ;
1865 NAND 1933 ;
1866 BUFF 1915 2868 ;
1869 BUFF 1922 1921 ;
1872 BUFF 1920 1919 ;
1875 NAND 1923 2036 ;
1878 NAND 1910 ;
1879 NAND 1944 1958 ;
1882 NAND 1936 ;
1883 1911 ;
1884 NAND 1912 ;
1885 NAND 1913 ;
1889 NAND 1953 1950 ;
1895 1924 ;
1896 NAND 1961 ;
1897 NAND 1933 ;
1898 1937 2020 ;
1902 BUFF 1938 2870 ;
1910 1965 ;
1911 NAND 1936 ;
1912 1968 ;
1913 NAND 1947 ;
1915 2852 ;
1919 NAND 1979 ;
1920 1941 ;
1921 NAND 1980 ;
1922 1942 ;
1923 2014 ;
1924 NAND 1961 ;
1927 BUFF 1978 1977 ;
1930 BUFF 1976 1975 ;
1933 NAND 1985 2875 ;
1936 NAND 1987 ;
1937 2000 ;
1938 2854 ;
1941 NAND 1979 ;
1942 NAND 1980 ;
1944 BUFF 1999 2000 ;
1947 2002 2003 ;
1950 BUFF 2007 2006 ;
1953 BUFF 2005 2004 ;
1958 BUFF 2013 2014 ;
1961 NAND 2015 2016 ;
1965 AND 2018 2827 ;
1968 AND 2019 2828 ;
1975 NAND 2026 ;
1976 2008 ;
1977 NAND 2027 ;
1978 2009 ;
1979 NAND 2012 ;
1980 NAND 2033 2030 ;
1985 2863 ;
1987 2021 2022 ;
1999 2020 ;
2000 NAND 2038 ;
2002 2023 ;
2003 NAND 2040 ;
2004 NAND 2041 ;
2005 2024 ;
2006 NAND 2042 ;
2007 2025 ;
2008 NAND 2026 ;
2009 NAND 2027 ;
2012 2279 ;
2013 2036 ;
2014 NAND 2052 ;
2015 2037 ;
2016 NAND 2055 ;
2018 2807 ;
2019 2809 ;
2020 NAND 2038 ;
2021 2039 ;
2022 NAND 2061 ;
2023 NAND 2040 ;
2024 NAND 2041 ;
2025 NAND 2042 ;
2026 NAND 2047 ;
2027 NAND 2071 2068 ;
2030 2129 2104 ;
2033 BUFF 2143 2119 ;
2036 NAND 2052 ;
2037 NAND 2055 ;
2038 NAND 2060 ;
2039 NAND 2061 ;
2040 NAND 2062 ;
2041 NAND 2067 ;
2042 NAND 2089 2086 ;
2047 2279 ;
2052 NAND 2076 2866 ;
2055 NAND 2077 2867 ;
2060 2078 ;
2061 NAND 2081 ;
2062 NAND 2151 2148 ;
2067 2279 ;
2068 2119 2104 ;
2071 BUFF 2143 2129 ;
2076 2850 ;
2077 2851 ;
2078 NAND 2199 2196 ;
2081 NAND 2205 2202 ;
2086 2361 2340 ;
2089 BUFF 2375 2353 ;
2104 AND 2634 2633 2632 2629 2628 2627 2617 2661 2600 2645 2546 2567 2537 2558 ;
2119 AND 2631 2614 2658 2549 2570 2597 2642 2543 2564 ;
2129 AND 2630 2555 2576 2620 2664 2611 2655 2606 2651 2594 2639 2540 2561 ;
2143 AND 2552 2573 2603 2648 ;
2148 BUFF 2217 2216 ;
2151 BUFF 2215 2214 ;
2196 BUFF 2225 2224 ;
2199 BUFF 2223 2222 ;
2202 BUFF 2229 2228 ;
2205 BUFF 2227 2226 ;
2214 NAND 2236 ;
2215 2230 ;
2216 NAND 2237 ;
2217 2231 ;
2222 NAND 2240 ;
2223 2232 ;
2224 NAND 2241 ;
2225 2233 ;
2226 NAND 2244 ;
2227 2234 ;
2228 NAND 2245 ;
2229 2235 ;
2230 NAND 2236 ;
2231 NAND 2237 ;
2232 NAND 2240 ;
2233 NAND 2241 ;
2234 NAND 2244 ;
2235 NAND 2245 ;
2236 NAND 2250 ;
2237 NAND 2260 2257 ;
2240 NAND 2253 ;
2241 NAND 2266 2263 ;
2244 NAND 2256 ;
2245 NAND 2272 2269 ;
2250 2279 ;
2253 2279 ;
2256 2279 ;
2257 2353 2340 ;
2260 BUFF 2375 2361 ;
2263 2386 2385 ;
2266 AND 2297 2286 ;
2269 2427 2426 ;
2272 AND 2326 2315 ;
2279 NAND 2800 2384 ;
2286 BUFF 2594 2639 2546 2567 2543 2564 2540 2561 2537 2558 ;
2297 BUFF 2627 2555 2576 2552 2573 2549 2570 2606 2651 2603 2648 2600 2645 2597 2642 ;
2315 BUFF 2549 2570 2546 2567 2543 2564 2540 2561 2537 2558 ;
2326 BUFF 2628 2555 2576 2552 2573 2620 2664 2617 2661 2614 2658 2611 2655 ;
2340 AND 2634 2633 2631 2630 2628 2627 2603 2648 2543 2564 2540 2561 ;
2353 AND 2632 2620 2664 2606 2651 2546 2567 ;
2361 AND 2629 2552 2573 2614 2658 2611 2655 2597 2642 2594 2639 2537 2558 ;
2375 AND 2555 2576 2617 2661 2549 2570 2600 2645 ;
2384 AND 2811 ;
2385 AND 2634 ;
2386 AND 2633 2632 2631 2630 2629 2628 2620 2664 2617 2661 2614 2658 2611 2655 ;
2426 AND 2633 ;
2427 AND 2634 2632 2631 2630 2629 2627 2606 2651 2603 2648 2600 2645 2597 2642 2594 2639 ;
2537 NAND 2745 2747 ;
2540 NAND 2745 2747 ;
2543 NAND 2745 2747 ;
2546 NAND 2745 2747 ;
2549 NAND 2746 2750 ;
2552 NAND 2746 2750 ;
2555 NAND 2746 2750 ;
2558 AND 2670 2669 ;
2561 AND 2672 2671 ;
2564 AND 2674 2673 ;
2567 AND 2676 2675 ;
2570 AND 2683 2682 ;
2573 AND 2689 2688 ;
2576 AND 2691 2690 ;
2594 NAND 2745 2747 ;
2597 NAND 2745 2747 ;
2600 NAND 2745 2747 ;
2603 NAND 2745 2747 ;
2606 NAND 2746 2750 ;
2611 NAND 2746 2750 ;
2614 NAND 2746 2750 ;
2617 NAND 2746 2750 ;
2620 NAND 2746 2750 ;
2627 NAND 2710 ;
2628 NAND 2710 ;
2629 NAND 2710 ;
2630 NAND 2710 ;
2631 NAND 2710 ;
2632 NAND 2710 ;
2633 NAND 2710 ;
2634 NAND 2710 ;
2639 AND 2725 2724 ;
2642 AND 2727 2726 ;
2645 AND 2729 2728 ;
2648 AND 2731 2730 ;
2651 AND 2733 2732 ;
2655 AND 2736 2735 ;
2658 AND 2738 2737 ;
2661 AND 2740 2739 ;
2664 AND 2742 2741 ;
2669 NAND 2753 ;
2670 2720 ;
2671 NAND 2754 ;
2672 2721 ;
2673 NAND 2755 ;
2674 2722 ;
2675 NAND 2756 ;
2676 2723 ;
2682 NAND 2762 ;
2683 2734 ;
2688 NAND 2767 ;
2689 2743 ;
2690 NAND 2768 ;
2691 2744 ;
2710 AND 2788 ;
2720 NAND 2753 ;
2721 NAND 2754 ;
2722 NAND 2755 ;
2723 NAND 2756 ;
2724 NAND 2779 ;
2725 2757 ;
2726 NAND 2780 ;
2727 2758 ;
2728 NAND 2781 ;
2729 2759 ;
2730 NAND 2782 ;
2731 2760 ;
2732 NAND 2783 ;
2733 2761 ;
2734 NAND 2762 ;
2735 NAND 2784 ;
2736 2763 ;
2737 NAND 2785 ;
2738 2764 ;
2739 NAND 2786 ;
2740 2765 ;
2741 NAND 2787 ;
2742 2766 ;
2743 NAND 2767 ;
2744 NAND 2768 ;
2745 NAND 2773 ;
2746 NAND 2776 ;
2747 AND 2788 2789 ;
2750 AND 2788 2789 ;
2753 NAND 20002;
2754 NAND 20003;
2755 NAND 20004;
2756 NAND 20005;
2757 NAND 2779 ;
2758 NAND 2780 ;
2759 NAND 2781 ;
2760 NAND 2782 ;
2761 NAND 2783 ;
2762 NAND 20006;
2763 NAND 2784 ;
2764 NAND 2785 ;
2765 NAND 2786 ;
2766 NAND 2787 ;
2767 NAND 20007;
2768 NAND 20008;
2773 AND 2808 2807 ;
2776 AND 2810 2809 ;
2779 NAND 20009;
2780 NAND 20010;
2781 NAND 20011;
2782 NAND 20012;
2783 NAND 20013;
2784 NAND 20014;
2785 NAND 20015;
2786 NAND 20016;
2787 NAND 20017;
2788 AND 2800 ;
2789 NAND 2824 2821 2818 2829 2815 2812 ;
2800 AND 2811 ;
2807 NAND 2843 ;
2808 2827 ;
2809 NAND 2846 ;
2810 2828 ;
2811 NOR 20018;
2812 AND 2857 2850 ;
2815 AND 2858 2851 ;
2818 AND 2859 2852 ;
2821 AND 2860 2853 ;
2824 AND 2861 2854 ;
2827 NAND 2843 ;
2828 NAND 2846 ;
2829 AND 2862 2863 ;
2843 NAND 2872 2871 ;
2846 NAND 2874 2873 ;
2850 NAND 2876 ;
2851 NAND 2877 ;
2852 NAND 2878 ;
2853 NAND 2879 ;
2854 NAND 2880 ;
2857 2866 ;
2858 2867 ;
2859 2868 ;
2860 2869 ;
2861 2870 ;
2862 2875 ;
2863 NAND 2883 ;
2866 NAND 2876 ;
2867 NAND 2877 ;
2868 NAND 2878 ;
2869 NAND 2879 ;
2870 NAND 2880 ;
2871 NAND 2891 ;
2872 2881 ;
2873 NAND 2892 ;
2874 2882 ;
2875 NAND 2883 ;
2876 NAND 2886 ;
2877 NAND 2887 ;
2878 NAND 2888 ;
2879 NAND 2889 ;
2880 NAND 2890 ;
2881 NAND 2891 ;
2882 NAND 2892 ;
2883 NAND 2896 2895 ;
2886 AND 20019;
2887 AND 20020;
2888 AND 20021;
2889 AND 20022;
2890 AND 20023;
2891 NAND 20024;
2892 NAND 20025;
2895 NAND 2898 ;
2896 2897 ;
2897 NAND 2898 ;
2898 NAND 20026;
1 PI 190 343 ;
PO 20026 ;
PO 20025 ;
PO 20024 ;
PO 20023 ;
PO 20022 ;
PO 20021 ;
PO 20020 ;
PO 20019 ;
PO 20018 ;
PO 20017 ;
PO 20016 ;
PO 20015 ;
PO 20014 ;
PO 20013 ;
PO 20012 ;
PO 20011 ;
PO 20010 ;
PO 20009 ;
PO 20008 ;
PO 20007 ;
PO 20006 ;
PO 20005 ;
PO 20004 ;
PO 20003 ;
PO 20002 ;
PO 20001 ;
